NACA 0001                                       
 Alfa =   3.00000 Re =        0.000 Xflap,Yflap =     0.000000    0.000000
#    x        y        Cp  
   1.00000  0.00011  0.11932
   0.99375  0.00018 -0.00538
   0.98116  0.00032  0.00979
   0.96815  0.00047 -0.01575
   0.95513  0.00062 -0.03290
   0.94211  0.00076 -0.02376
   0.92910  0.00090 -0.02797
   0.91608  0.00104 -0.01598
   0.90306  0.00117 -0.02900
   0.89004  0.00131 -0.04357
   0.87702  0.00144 -0.04651
   0.86401  0.00157 -0.02945
   0.85099  0.00170 -0.04683
   0.83797  0.00183 -0.05685
   0.82495  0.00195 -0.03717
   0.81193  0.00207 -0.05852
   0.79892  0.00220 -0.05577
   0.78590  0.00231 -0.06303
   0.77288  0.00243 -0.06282
   0.75986  0.00255 -0.05935
   0.74684  0.00266 -0.07779
   0.73383  0.00277 -0.06562
   0.72081  0.00288 -0.07355
   0.70779  0.00299 -0.07334
   0.69477  0.00310 -0.08350
   0.68175  0.00320 -0.07744
   0.66873  0.00330 -0.08355
   0.65572  0.00340 -0.08167
   0.64270  0.00350 -0.08299
   0.62968  0.00359 -0.09150
   0.61666  0.00369 -0.09287
   0.60364  0.00378 -0.09944
   0.59062  0.00387 -0.09789
   0.57761  0.00395 -0.10502
   0.56459  0.00404 -0.10931
   0.55157  0.00412 -0.11395
   0.53855  0.00420 -0.11241
   0.52553  0.00427 -0.11543
   0.51251  0.00434 -0.11858
   0.49950  0.00441 -0.12170
   0.48648  0.00448 -0.13116
   0.47346  0.00454 -0.12420
   0.46044  0.00460 -0.13669
   0.44742  0.00466 -0.13921
   0.43440  0.00471 -0.14231
   0.42138  0.00476 -0.14258
   0.40837  0.00481 -0.15390
   0.39535  0.00485 -0.15420
   0.38233  0.00489 -0.15656
   0.36931  0.00492 -0.16753
   0.35629  0.00495 -0.16605
   0.34327  0.00497 -0.17650
   0.33026  0.00498 -0.17793
   0.31724  0.00500 -0.18453
   0.30422  0.00500 -0.19098
   0.29120  0.00500 -0.20042
   0.27818  0.00499 -0.19811
   0.26516  0.00498 -0.21205
   0.25214  0.00496 -0.21687
   0.23913  0.00493 -0.22643
   0.22611  0.00489 -0.23201
   0.21309  0.00484 -0.24377
   0.20007  0.00478 -0.25183
   0.18705  0.00471 -0.26433
   0.17404  0.00463 -0.27301
   0.16102  0.00454 -0.28938
   0.14800  0.00444 -0.30228
   0.13498  0.00432 -0.32144
   0.12197  0.00418 -0.33805
   0.10895  0.00402 -0.36173
   0.09593  0.00384 -0.38821
   0.08292  0.00364 -0.42070
   0.06990  0.00340 -0.46263
   0.05689  0.00313 -0.51826
   0.04388  0.00280 -0.59662
   0.03087  0.00240 -0.72931
   0.01798  0.00187 -0.94638
   0.00756  0.00124 -1.72707
   0.00286  0.00078 -1.89880
   0.00065  0.00037-20.26399
   0.00065 -0.00037 -3.21673
   0.00286 -0.00078  0.91424
   0.00756 -0.00124  0.83741
   0.01798 -0.00187  0.57986
   0.03087 -0.00240  0.47714
   0.04388 -0.00280  0.40412
   0.05689 -0.00313  0.35687
   0.06990 -0.00340  0.32111
   0.08292 -0.00364  0.29353
   0.09593 -0.00384  0.27119
   0.10895 -0.00402  0.25247
   0.12197 -0.00418  0.23620
   0.13498 -0.00432  0.22420
   0.14800 -0.00444  0.20966
   0.16102 -0.00454  0.20184
   0.17404 -0.00463  0.19154
   0.18705 -0.00471  0.18188
   0.20007 -0.00478  0.17567
   0.21309 -0.00484  0.16806
   0.22611 -0.00489  0.16135
   0.23913 -0.00493  0.15513
   0.25214 -0.00496  0.15093
   0.26516 -0.00498  0.14496
   0.27818 -0.00499  0.14173
   0.29120 -0.00500  0.13291
   0.30422 -0.00500  0.13326
   0.31724 -0.00500  0.12806
   0.33025 -0.00498  0.12091
   0.34327 -0.00497  0.12289
   0.35629 -0.00495  0.11390
   0.36931 -0.00492  0.11488
   0.38233 -0.00489  0.10898
   0.39535 -0.00485  0.10874
   0.40837 -0.00481  0.10338
   0.42138 -0.00476  0.10411
   0.43440 -0.00471  0.09926
   0.44742 -0.00466  0.09526
   0.46044 -0.00460  0.09750
   0.47346 -0.00454  0.08973
   0.48648 -0.00448  0.09121
   0.49950 -0.00441  0.08802
   0.51251 -0.00434  0.08954
   0.52553 -0.00427  0.08546
   0.53855 -0.00420  0.07695
   0.55157 -0.00412  0.07987
   0.56459 -0.00404  0.07311
   0.57761 -0.00395  0.07548
   0.59062 -0.00387  0.07451
   0.60364 -0.00378  0.07401
   0.61666 -0.00369  0.07443
   0.62968 -0.00359  0.06793
   0.64270 -0.00350  0.07411
   0.65572 -0.00340  0.06419
   0.66873 -0.00330  0.06674
   0.68175 -0.00320  0.06738
   0.69477 -0.00310  0.04922
   0.70779 -0.00299  0.06784
   0.72081 -0.00288  0.05180
   0.73383 -0.00277  0.06100
   0.74684 -0.00266  0.04331
   0.75986 -0.00255  0.05834
   0.77288 -0.00243  0.04791
   0.78590 -0.00231  0.04844
   0.79892 -0.00220  0.04839
   0.81193 -0.00207  0.03896
   0.82495 -0.00195  0.05460
   0.83797 -0.00183  0.03864
   0.85099 -0.00170  0.04054
   0.86401 -0.00157  0.04605
   0.87702 -0.00144  0.03574
   0.89004 -0.00131  0.02845
   0.90306 -0.00117  0.03566
   0.91608 -0.00104  0.04941
   0.92910 -0.00090  0.02231
   0.94211 -0.00076  0.02834
   0.95513 -0.00062  0.00970
   0.96815 -0.00047  0.02857
   0.98116 -0.00032  0.02779
   0.99375 -0.00018  0.00857
   1.00000 -0.00011  0.11932
