NACA 0001                                       
 Alfa =  10.00000 Re =        0.000 Xflap,Yflap =     0.000000    0.000000
#    x        y        Cp  
   1.00000  0.00011  0.14191
   0.99375  0.00018  0.03964
   0.98116  0.00032  0.01665
   0.96815  0.00047 -0.07190
   0.95513  0.00062 -0.08166
   0.94211  0.00076 -0.07517
   0.92910  0.00090 -0.06434
   0.91608  0.00104 -0.03974
   0.90306  0.00117 -0.07171
   0.89004  0.00131 -0.12120
   0.87702  0.00144 -0.12101
   0.86401  0.00157 -0.08719
   0.85099  0.00170 -0.13309
   0.83797  0.00183 -0.16162
   0.82495  0.00195 -0.10052
   0.81193  0.00207 -0.16490
   0.79892  0.00220 -0.15453
   0.78590  0.00231 -0.17778
   0.77288  0.00243 -0.17645
   0.75986  0.00255 -0.17036
   0.74684  0.00266 -0.21369
   0.73383  0.00277 -0.18384
   0.72081  0.00288 -0.20168
   0.70779  0.00299 -0.21170
   0.69477  0.00310 -0.23927
   0.68175  0.00320 -0.21824
   0.66873  0.00330 -0.23412
   0.65572  0.00340 -0.22899
   0.64270  0.00350 -0.23583
   0.62968  0.00359 -0.26115
   0.61666  0.00369 -0.26377
   0.60364  0.00378 -0.28975
   0.59062  0.00387 -0.28536
   0.57761  0.00395 -0.30635
   0.56459  0.00404 -0.31856
   0.55157  0.00412 -0.32490
   0.53855  0.00420 -0.32828
   0.52553  0.00427 -0.33727
   0.51251  0.00434 -0.35149
   0.49950  0.00441 -0.35256
   0.48648  0.00448 -0.39124
   0.47346  0.00454 -0.36401
   0.46044  0.00460 -0.41079
   0.44742  0.00466 -0.41322
   0.43440  0.00471 -0.42999
   0.42138  0.00476 -0.42009
   0.40837  0.00481 -0.46684
   0.39535  0.00485 -0.46509
   0.38233  0.00489 -0.47301
   0.36931  0.00492 -0.50858
   0.35629  0.00495 -0.50845
   0.34327  0.00497 -0.53778
   0.33026  0.00498 -0.54799
   0.31724  0.00500 -0.57037
   0.30422  0.00500 -0.59169
   0.29120  0.00500 -0.62371
   0.27818  0.00499 -0.62438
   0.26516  0.00498 -0.66599
   0.25214  0.00496 -0.68726
   0.23913  0.00493 -0.72385
   0.22611  0.00489 -0.74274
   0.21309  0.00484 -0.78617
   0.20007  0.00478 -0.82268
   0.18705  0.00471 -0.86487
   0.17404  0.00463 -0.90292
   0.16102  0.00454 -0.96422
   0.14800  0.00444 -1.01917
   0.13498  0.00432 -1.08983
   0.12197  0.00418 -1.16433
   0.10895  0.00402 -1.25969
   0.09593  0.00384 -1.37299
   0.08292  0.00364 -1.51245
   0.06990  0.00340 -1.69644
   0.05689  0.00313 -1.94774
   0.04388  0.00280 -2.31066
   0.03087  0.00240 -2.94842
   0.01798  0.00187 -4.04833
   0.00756  0.00124 -8.51058
   0.00286  0.00078-10.04351
   0.00065  0.00037*********
   0.00065 -0.00037-95.00674
   0.00286 -0.00078 -0.83626
   0.00756 -0.00124 -0.11932
   0.01798 -0.00187  0.94625
   0.03087 -0.00240  0.99948
   0.04388 -0.00280  0.96470
   0.05689 -0.00313  0.91622
   0.06990 -0.00340  0.86837
   0.08292 -0.00364  0.82432
   0.09593 -0.00384  0.78543
   0.10895 -0.00402  0.75001
   0.12197 -0.00418  0.71676
   0.13498 -0.00432  0.69170
   0.14800 -0.00444  0.66076
   0.16102 -0.00454  0.64070
   0.17404 -0.00463  0.61737
   0.18705 -0.00471  0.59613
   0.20007 -0.00478  0.57742
   0.21309 -0.00484  0.56141
   0.22611 -0.00489  0.54466
   0.23913 -0.00493  0.52705
   0.25214 -0.00496  0.51363
   0.26516 -0.00498  0.50099
   0.27818 -0.00499  0.48867
   0.29120 -0.00500  0.46709
   0.30422 -0.00500  0.46857
   0.31724 -0.00500  0.45032
   0.33025 -0.00498  0.43755
   0.34327 -0.00497  0.43073
   0.35629 -0.00495  0.41621
   0.36931 -0.00492  0.41356
   0.38233 -0.00489  0.39560
   0.39535 -0.00485  0.39424
   0.40837 -0.00481  0.37949
   0.42138 -0.00476  0.38000
   0.43440 -0.00471  0.36543
   0.44742 -0.00466  0.35361
   0.46044 -0.00460  0.35604
   0.47346 -0.00454  0.33475
   0.48648 -0.00448  0.33919
   0.49950 -0.00441  0.32582
   0.51251 -0.00434  0.33615
   0.52553 -0.00427  0.31321
   0.53855 -0.00420  0.30141
   0.55157 -0.00412  0.30534
   0.56459 -0.00404  0.28221
   0.57761 -0.00395  0.28292
   0.59062 -0.00387  0.27914
   0.60364 -0.00378  0.28006
   0.61666 -0.00369  0.27896
   0.62968 -0.00359  0.26405
   0.64270 -0.00350  0.27449
   0.65572 -0.00340  0.24847
   0.66873 -0.00330  0.25480
   0.68175 -0.00320  0.25330
   0.69477 -0.00310  0.20199
   0.70779 -0.00299  0.24813
   0.72081 -0.00288  0.20796
   0.73383 -0.00277  0.23189
   0.74684 -0.00266  0.18468
   0.75986 -0.00255  0.21134
   0.77288 -0.00243  0.19177
   0.78590 -0.00231  0.18660
   0.79892 -0.00220  0.18745
   0.81193 -0.00207  0.15201
   0.82495 -0.00195  0.20427
   0.83797 -0.00183  0.15190
   0.85099 -0.00170  0.15386
   0.86401 -0.00157  0.16023
   0.87702 -0.00144  0.14860
   0.89004 -0.00131  0.11371
   0.90306 -0.00117  0.14219
   0.91608 -0.00104  0.17062
   0.92910 -0.00090  0.10349
   0.94211 -0.00076  0.09628
   0.95513 -0.00062  0.05953
   0.96815 -0.00047  0.07551
   0.98116 -0.00032  0.07653
   0.99375 -0.00018  0.08414
   1.00000 -0.00011  0.14191
