NACA 0001                                       
 Alfa =   6.00000 Re =        0.000 Xflap,Yflap =     0.000000    0.000000
#    x        y        Cp  
   1.00000  0.00011  0.12585
   0.99375  0.00018  0.01043
   0.98116  0.00032  0.00911
   0.96815  0.00047 -0.04344
   0.95513  0.00062 -0.05753
   0.94211  0.00076 -0.04948
   0.92910  0.00090 -0.04731
   0.91608  0.00104 -0.02990
   0.90306  0.00117 -0.05104
   0.89004  0.00131 -0.08045
   0.87702  0.00144 -0.08208
   0.86401  0.00157 -0.05787
   0.85099  0.00170 -0.08736
   0.83797  0.00183 -0.10519
   0.82495  0.00195 -0.06800
   0.81193  0.00207 -0.10754
   0.79892  0.00220 -0.10159
   0.78590  0.00231 -0.11557
   0.77288  0.00243 -0.11489
   0.75986  0.00255 -0.11031
   0.74684  0.00266 -0.13921
   0.73383  0.00277 -0.11962
   0.72081  0.00288 -0.13173
   0.70779  0.00299 -0.13577
   0.69477  0.00310 -0.15320
   0.68175  0.00320 -0.14090
   0.66873  0.00330 -0.15109
   0.65572  0.00340 -0.14786
   0.64270  0.00350 -0.15148
   0.62968  0.00359 -0.16698
   0.61666  0.00369 -0.16888
   0.60364  0.00378 -0.18348
   0.59062  0.00387 -0.18075
   0.57761  0.00395 -0.19361
   0.56459  0.00404 -0.20118
   0.55157  0.00412 -0.20654
   0.53855  0.00420 -0.20701
   0.52553  0.00427 -0.21248
   0.51251  0.00434 -0.22018
   0.49950  0.00441 -0.22248
   0.48648  0.00448 -0.24390
   0.47346  0.00454 -0.22864
   0.46044  0.00460 -0.25515
   0.44742  0.00466 -0.25764
   0.43440  0.00471 -0.26630
   0.42138  0.00476 -0.26246
   0.40837  0.00481 -0.28815
   0.39535  0.00485 -0.28763
   0.38233  0.00489 -0.29225
   0.36931  0.00492 -0.31318
   0.35629  0.00495 -0.31223
   0.34327  0.00497 -0.33031
   0.33026  0.00498 -0.33525
   0.31724  0.00500 -0.34819
   0.30422  0.00500 -0.36061
   0.29120  0.00500 -0.37909
   0.27818  0.00499 -0.37793
   0.26516  0.00498 -0.40293
   0.25214  0.00496 -0.41428
   0.23913  0.00493 -0.43455
   0.22611  0.00489 -0.44540
   0.21309  0.00484 -0.46965
   0.20007  0.00478 -0.48887
   0.18705  0.00471 -0.51303
   0.17404  0.00463 -0.53317
   0.16102  0.00454 -0.56705
   0.14800  0.00444 -0.59624
   0.13498  0.00432 -0.63532
   0.12197  0.00418 -0.67414
   0.10895  0.00402 -0.72525
   0.09593  0.00384 -0.78472
   0.08292  0.00364 -0.85762
   0.06990  0.00340 -0.95279
   0.05689  0.00313 -1.08107
   0.04388  0.00280 -1.26393
   0.03087  0.00240 -1.57936
   0.01798  0.00187 -2.10975
   0.00756  0.00124 -4.15109
   0.00286  0.00078 -4.76795
   0.00065  0.00037-61.87524
   0.00065 -0.00037-27.97878
   0.00286 -0.00078  0.82835
   0.00756 -0.00124  0.95003
   0.01798 -0.00187  0.92631
   0.03087 -0.00240  0.82051
   0.04388 -0.00280  0.72696
   0.05689 -0.00313  0.65972
   0.06990 -0.00340  0.60634
   0.08292 -0.00364  0.56295
   0.09593 -0.00384  0.52724
   0.10895 -0.00402  0.49646
   0.12197 -0.00418  0.46886
   0.13498 -0.00432  0.44854
   0.14800 -0.00444  0.42394
   0.16102 -0.00454  0.40896
   0.17404 -0.00463  0.39113
   0.18705 -0.00471  0.37489
   0.20007 -0.00478  0.36184
   0.21309 -0.00484  0.34958
   0.22611 -0.00489  0.33746
   0.23913 -0.00493  0.32521
   0.25214 -0.00496  0.31620
   0.26516 -0.00498  0.30671
   0.27818 -0.00499  0.29883
   0.29120 -0.00500  0.28345
   0.30422 -0.00500  0.28437
   0.31724 -0.00500  0.27261
   0.33025 -0.00498  0.26257
   0.34327 -0.00497  0.26026
   0.35629 -0.00495  0.24844
   0.36931 -0.00492  0.24767
   0.38233 -0.00489  0.23584
   0.39535 -0.00485  0.23506
   0.40837 -0.00481  0.22512
   0.42138 -0.00476  0.22575
   0.43440 -0.00471  0.21619
   0.44742 -0.00466  0.20842
   0.46044 -0.00460  0.21077
   0.47346 -0.00454  0.19652
   0.48648 -0.00448  0.19942
   0.49950 -0.00441  0.19139
   0.51251 -0.00434  0.19708
   0.52553 -0.00427  0.18410
   0.53855 -0.00420  0.17397
   0.55157 -0.00412  0.17739
   0.56459 -0.00404  0.16295
   0.57761 -0.00395  0.16458
   0.59062 -0.00387  0.16229
   0.60364 -0.00378  0.16245
   0.61666 -0.00369  0.16217
   0.62968 -0.00359  0.15173
   0.64270 -0.00350  0.15993
   0.65572 -0.00340  0.14252
   0.66873 -0.00330  0.14682
   0.68175 -0.00320  0.14649
   0.69477 -0.00310  0.11311
   0.70779 -0.00299  0.14437
   0.72081 -0.00288  0.11724
   0.73383 -0.00277  0.13319
   0.74684 -0.00266  0.10201
   0.75986 -0.00255  0.12238
   0.77288 -0.00243  0.10776
   0.78590 -0.00231  0.10573
   0.79892 -0.00220  0.10608
   0.81193 -0.00207  0.08494
   0.82495 -0.00195  0.11711
   0.83797 -0.00183  0.08472
   0.85099 -0.00170  0.08665
   0.86401 -0.00157  0.09258
   0.87702 -0.00144  0.08163
   0.89004 -0.00131  0.06205
   0.90306 -0.00117  0.07872
   0.91608 -0.00104  0.09909
   0.92910 -0.00090  0.05409
   0.94211 -0.00076  0.05431
   0.95513 -0.00062  0.02767
   0.96815 -0.00047  0.04535
   0.98116 -0.00032  0.04535
   0.99375 -0.00018  0.03782
   1.00000 -0.00011  0.12585
