NACA 0001                                       
 Alfa =   9.00000 Re =        0.000 Xflap,Yflap =     0.000000    0.000000
#    x        y        Cp  
   1.00000  0.00011  0.13712
   0.99375  0.00018  0.03149
   0.98116  0.00032  0.01386
   0.96815  0.00047 -0.06572
   0.95513  0.00062 -0.07658
   0.94211  0.00076 -0.06969
   0.92910  0.00090 -0.06104
   0.91608  0.00104 -0.03822
   0.90306  0.00117 -0.06750
   0.89004  0.00131 -0.11196
   0.87702  0.00144 -0.11222
   0.86401  0.00157 -0.08081
   0.85099  0.00170 -0.12259
   0.83797  0.00183 -0.14843
   0.82495  0.00195 -0.09334
   0.81193  0.00207 -0.15147
   0.79892  0.00220 -0.14222
   0.78590  0.00231 -0.16313
   0.77288  0.00243 -0.16196
   0.75986  0.00255 -0.15625
   0.74684  0.00266 -0.19594
   0.73383  0.00277 -0.16868
   0.72081  0.00288 -0.18508
   0.70779  0.00299 -0.19357
   0.69477  0.00310 -0.21857
   0.68175  0.00320 -0.19976
   0.66873  0.00330 -0.21419
   0.65572  0.00340 -0.20954
   0.64270  0.00350 -0.21557
   0.62968  0.00359 -0.23839
   0.61666  0.00369 -0.24083
   0.60364  0.00378 -0.26390
   0.59062  0.00387 -0.25993
   0.57761  0.00395 -0.27885
   0.56459  0.00404 -0.28987
   0.55157  0.00412 -0.29596
   0.53855  0.00420 -0.29860
   0.52553  0.00427 -0.30668
   0.51251  0.00434 -0.31923
   0.49950  0.00441 -0.32062
   0.48648  0.00448 -0.35486
   0.47346  0.00454 -0.33071
   0.46044  0.00460 -0.37227
   0.44742  0.00466 -0.37472
   0.43440  0.00471 -0.38940
   0.42138  0.00476 -0.38107
   0.40837  0.00481 -0.42237
   0.39535  0.00485 -0.42093
   0.38233  0.00489 -0.42800
   0.36931  0.00492 -0.45978
   0.35629  0.00495 -0.45943
   0.34327  0.00497 -0.48584
   0.33026  0.00498 -0.49469
   0.31724  0.00500 -0.51461
   0.30422  0.00500 -0.53361
   0.29120  0.00500 -0.56209
   0.27818  0.00499 -0.56227
   0.26516  0.00498 -0.59955
   0.25214  0.00496 -0.61822
   0.23913  0.00493 -0.65052
   0.22611  0.00489 -0.66730
   0.21309  0.00484 -0.70568
   0.20007  0.00478 -0.73762
   0.18705  0.00471 -0.77506
   0.17404  0.00463 -0.80836
   0.16102  0.00454 -0.86240
   0.14800  0.00444 -0.91050
   0.13498  0.00432 -0.97275
   0.12197  0.00418 -1.03771
   0.10895  0.00402 -1.12123
   0.09593  0.00384 -1.22006
   0.08292  0.00364 -1.34158
   0.06990  0.00340 -1.50153
   0.05689  0.00313 -1.71938
   0.04388  0.00280 -2.03307
   0.03087  0.00240 -2.58210
   0.01798  0.00187 -3.52385
   0.00756  0.00124 -7.30360
   0.00286  0.00078 -8.57371
   0.00065  0.00037*********
   0.00065 -0.00037-74.65806
   0.00286 -0.00078 -0.25514
   0.00756 -0.00124  0.27802
   0.01798 -0.00187  0.98876
   0.03087 -0.00240  0.98485
   0.04388 -0.00280  0.92618
   0.05689 -0.00313  0.86815
   0.06990 -0.00340  0.81581
   0.08292 -0.00364  0.76973
   0.09593 -0.00384  0.73006
   0.10895 -0.00402  0.69456
   0.12197 -0.00418  0.66171
   0.13498 -0.00432  0.63714
   0.14800 -0.00444  0.60702
   0.16102 -0.00454  0.58775
   0.17404 -0.00463  0.56530
   0.18705 -0.00471  0.54490
   0.20007 -0.00478  0.52723
   0.21309 -0.00484  0.51189
   0.22611 -0.00489  0.49602
   0.23913 -0.00493  0.47945
   0.25214 -0.00496  0.46692
   0.26516 -0.00498  0.45489
   0.27818 -0.00499  0.44349
   0.29120 -0.00500  0.42318
   0.30422 -0.00500  0.42455
   0.31724 -0.00500  0.40766
   0.33025 -0.00498  0.39546
   0.34327 -0.00497  0.38963
   0.35629 -0.00495  0.37567
   0.36931 -0.00492  0.37344
   0.38233 -0.00489  0.35682
   0.39535 -0.00485  0.35558
   0.40837 -0.00481  0.34189
   0.42138 -0.00476  0.34243
   0.43440 -0.00471  0.32897
   0.44742 -0.00466  0.31806
   0.46044 -0.00460  0.32048
   0.47346 -0.00454  0.30076
   0.48648 -0.00448  0.30486
   0.49950 -0.00441  0.29270
   0.51251 -0.00434  0.30197
   0.52553 -0.00427  0.28131
   0.53855 -0.00420  0.26988
   0.55157 -0.00412  0.27369
   0.56459 -0.00404  0.25256
   0.57761 -0.00395  0.25349
   0.59062 -0.00387  0.25005
   0.60364 -0.00378  0.25080
   0.61666 -0.00369  0.24989
   0.62968 -0.00359  0.23601
   0.64270 -0.00350  0.24594
   0.65572 -0.00340  0.22192
   0.66873 -0.00330  0.22778
   0.68175 -0.00320  0.22656
   0.69477 -0.00310  0.17945
   0.70779 -0.00299  0.22210
   0.72081 -0.00288  0.18499
   0.73383 -0.00277  0.20704
   0.74684 -0.00266  0.16362
   0.75986 -0.00255  0.18880
   0.77288 -0.00243  0.17039
   0.78590 -0.00231  0.16597
   0.79892 -0.00220  0.16670
   0.81193 -0.00207  0.13468
   0.82495 -0.00195  0.18215
   0.83797 -0.00183  0.13455
   0.85099 -0.00170  0.13650
   0.86401 -0.00157  0.14278
   0.87702 -0.00144  0.13129
   0.89004 -0.00131  0.10011
   0.90306 -0.00117  0.12573
   0.91608 -0.00104  0.15223
   0.92910 -0.00090  0.09043
   0.94211 -0.00076  0.08503
   0.95513 -0.00062  0.05075
   0.96815 -0.00047  0.06716
   0.98116 -0.00032  0.06793
   0.99375 -0.00018  0.07182
   1.00000 -0.00011  0.13712
