NACA 0001                                       
 Alfa =   2.00000 Re =        0.000 Xflap,Yflap =     0.000000    0.000000
#    x        y        Cp  
   1.00000  0.00011  0.11821
   0.99375  0.00018 -0.00945
   0.98116  0.00032  0.01122
   0.96815  0.00047 -0.00536
   0.95513  0.00062 -0.02350
   0.94211  0.00076 -0.01402
   0.92910  0.00090 -0.02032
   0.91608  0.00104 -0.01013
   0.90306  0.00117 -0.02046
   0.89004  0.00131 -0.03015
   0.87702  0.00144 -0.03351
   0.86401  0.00157 -0.01881
   0.85099  0.00170 -0.03222
   0.83797  0.00183 -0.03969
   0.82495  0.00195 -0.02574
   0.81193  0.00207 -0.04114
   0.79892  0.00220 -0.03943
   0.78590  0.00231 -0.04451
   0.77288  0.00243 -0.04445
   0.75986  0.00255 -0.04134
   0.74684  0.00266 -0.05638
   0.73383  0.00277 -0.04663
   0.72081  0.00288 -0.05320
   0.70779  0.00299 -0.05162
   0.69477  0.00310 -0.05944
   0.68175  0.00320 -0.05538
   0.66873  0.00330 -0.06017
   0.65572  0.00340 -0.05874
   0.64270  0.00350 -0.05931
   0.62968  0.00359 -0.06558
   0.61666  0.00369 -0.06678
   0.60364  0.00378 -0.07078
   0.59062  0.00387 -0.06961
   0.57761  0.00395 -0.07490
   0.56459  0.00404 -0.07815
   0.55157  0.00412 -0.08256
   0.53855  0.00420 -0.08039
   0.52553  0.00427 -0.08262
   0.51251  0.00434 -0.08434
   0.49950  0.00441 -0.08771
   0.48648  0.00448 -0.09340
   0.47346  0.00454 -0.08906
   0.46044  0.00460 -0.09714
   0.44742  0.00466 -0.09965
   0.43440  0.00471 -0.10102
   0.42138  0.00476 -0.10257
   0.40837  0.00481 -0.10939
   0.39535  0.00485 -0.10995
   0.38233  0.00489 -0.11160
   0.36931  0.00492 -0.11947
   0.35629  0.00495 -0.11784
   0.34327  0.00497 -0.12591
   0.33026  0.00498 -0.12625
   0.31724  0.00500 -0.13089
   0.30422  0.00500 -0.13550
   0.29120  0.00500 -0.14217
   0.27818  0.00499 -0.13951
   0.26516  0.00498 -0.15006
   0.25214  0.00496 -0.15290
   0.23913  0.00493 -0.15920
   0.22611  0.00489 -0.16318
   0.21309  0.00484 -0.17116
   0.20007  0.00478 -0.17587
   0.18705  0.00471 -0.18486
   0.17404  0.00463 -0.19013
   0.16102  0.00454 -0.20129
   0.14800  0.00444 -0.20937
   0.13498  0.00432 -0.22266
   0.12197  0.00418 -0.23278
   0.10895  0.00402 -0.24847
   0.09593  0.00384 -0.26543
   0.08292  0.00364 -0.28636
   0.06990  0.00340 -0.31320
   0.05689  0.00313 -0.34852
   0.04388  0.00280 -0.39811
   0.03087  0.00240 -0.48155
   0.01798  0.00187 -0.61659
   0.00756  0.00124 -1.08578
   0.00286  0.00078 -1.15629
   0.00065  0.00037-11.26398
   0.00065 -0.00037  0.11290
   0.00286 -0.00078  0.72070
   0.00756 -0.00124  0.62547
   0.01798 -0.00187  0.40184
   0.03087 -0.00240  0.32349
   0.04388 -0.00280  0.26960
   0.05689 -0.00313  0.23548
   0.06990 -0.00340  0.20971
   0.08292 -0.00364  0.19029
   0.09593 -0.00384  0.17448
   0.10895 -0.00402  0.16139
   0.12197 -0.00418  0.15022
   0.13498 -0.00432  0.14189
   0.14800 -0.00444  0.13169
   0.16102 -0.00454  0.12688
   0.17404 -0.00463  0.11973
   0.18705 -0.00471  0.11279
   0.20007 -0.00478  0.10934
   0.21309 -0.00484  0.10362
   0.22611 -0.00489  0.09907
   0.23913 -0.00493  0.09523
   0.25214 -0.00496  0.09291
   0.26516 -0.00498  0.08832
   0.27818 -0.00499  0.08689
   0.29120 -0.00500  0.08061
   0.30422 -0.00500  0.08073
   0.31724 -0.00500  0.07805
   0.33025 -0.00498  0.07201
   0.34327 -0.00497  0.07558
   0.35629 -0.00495  0.06768
   0.36931 -0.00492  0.06930
   0.38233 -0.00489  0.06562
   0.39535 -0.00485  0.06558
   0.40837 -0.00481  0.06193
   0.42138 -0.00476  0.06270
   0.43440 -0.00471  0.05958
   0.44742 -0.00466  0.05697
   0.46044 -0.00460  0.05916
   0.47346 -0.00454  0.05377
   0.48648 -0.00448  0.05474
   0.49950 -0.00441  0.05330
   0.51251 -0.00434  0.05331
   0.52553 -0.00427  0.05246
   0.53855 -0.00420  0.04454
   0.55157 -0.00412  0.04727
   0.56459 -0.00404  0.04328
   0.57761 -0.00395  0.04592
   0.59062 -0.00387  0.04541
   0.60364 -0.00378  0.04468
   0.61666 -0.00369  0.04534
   0.62968 -0.00359  0.04026
   0.64270 -0.00350  0.04571
   0.65572 -0.00340  0.03846
   0.66873 -0.00330  0.04039
   0.68175 -0.00320  0.04137
   0.69477 -0.00310  0.02860
   0.70779 -0.00299  0.04274
   0.72081 -0.00288  0.03063
   0.73383 -0.00277  0.03745
   0.74684 -0.00266  0.02449
   0.75986 -0.00255  0.03764
   0.77288 -0.00243  0.02869
   0.78590 -0.00231  0.03011
   0.79892 -0.00220  0.02992
   0.81193 -0.00207  0.02456
   0.82495 -0.00195  0.03445
   0.83797 -0.00183  0.02421
   0.85099 -0.00170  0.02609
   0.86401 -0.00157  0.03145
   0.87702 -0.00144  0.02138
   0.89004 -0.00131  0.01831
   0.90306 -0.00117  0.02226
   0.91608 -0.00104  0.03371
   0.92910 -0.00090  0.01280
   0.94211 -0.00076  0.02079
   0.95513 -0.00062  0.00488
   0.96815 -0.00047  0.02413
   0.98116 -0.00032  0.02309
   0.99375 -0.00018 -0.00007
   1.00000 -0.00011  0.11821
