NACA 0001                                       
 Alfa =   7.00000 Re =        0.000 Xflap,Yflap =     0.000000    0.000000
#    x        y        Cp  
   1.00000  0.00011  0.12908
   0.99375  0.00018  0.01688
   0.98116  0.00032  0.01010
   0.96815  0.00047 -0.05148
   0.95513  0.00062 -0.06451
   0.94211  0.00076 -0.05684
   0.92910  0.00090 -0.05252
   0.91608  0.00104 -0.03330
   0.90306  0.00117 -0.05715
   0.89004  0.00131 -0.09157
   0.87702  0.00144 -0.09275
   0.86401  0.00157 -0.06614
   0.85099  0.00170 -0.09971
   0.83797  0.00183 -0.12019
   0.82495  0.00195 -0.07707
   0.81193  0.00207 -0.12277
   0.79892  0.00220 -0.11573
   0.78590  0.00231 -0.13200
   0.77288  0.00243 -0.13116
   0.75986  0.00255 -0.12621
   0.74684  0.00266 -0.15868
   0.73383  0.00277 -0.13655
   0.72081  0.00288 -0.15007
   0.70779  0.00299 -0.15558
   0.69477  0.00310 -0.17551
   0.68175  0.00320 -0.16107
   0.66873  0.00330 -0.17266
   0.65572  0.00340 -0.16896
   0.64270  0.00350 -0.17337
   0.62968  0.00359 -0.19128
   0.61666  0.00369 -0.19335
   0.60364  0.00378 -0.21073
   0.59062  0.00387 -0.20760
   0.57761  0.00395 -0.22244
   0.56459  0.00404 -0.23115
   0.55157  0.00412 -0.23675
   0.53855  0.00420 -0.23793
   0.52553  0.00427 -0.24425
   0.51251  0.00434 -0.25353
   0.49950  0.00441 -0.25554
   0.48648  0.00448 -0.28114
   0.47346  0.00454 -0.26299
   0.46044  0.00460 -0.29440
   0.44742  0.00466 -0.29689
   0.43440  0.00471 -0.30750
   0.42138  0.00476 -0.30220
   0.40837  0.00481 -0.33297
   0.39535  0.00485 -0.33215
   0.38233  0.00489 -0.33756
   0.36931  0.00492 -0.36202
   0.35629  0.00495 -0.36126
   0.34327  0.00497 -0.38205
   0.33026  0.00498 -0.38825
   0.31724  0.00500 -0.40345
   0.30422  0.00500 -0.41800
   0.29120  0.00500 -0.43971
   0.27818  0.00499 -0.43898
   0.26516  0.00498 -0.46794
   0.25214  0.00496 -0.48164
   0.23913  0.00493 -0.50578
   0.22611  0.00489 -0.51854
   0.21309  0.00484 -0.54732
   0.20007  0.00478 -0.57062
   0.18705  0.00471 -0.59904
   0.17404  0.00463 -0.62337
   0.16102  0.00454 -0.66369
   0.14800  0.00444 -0.69890
   0.13498  0.00432 -0.74536
   0.12197  0.00418 -0.79247
   0.10895  0.00402 -0.85384
   0.09593  0.00384 -0.92575
   0.08292  0.00364 -1.01396
   0.06990  0.00340 -1.12948
   0.05689  0.00313 -1.28578
   0.04388  0.00280 -1.50939
   0.03087  0.00240 -1.89715
   0.01798  0.00187 -2.55396
   0.00756  0.00124 -5.12253
   0.00286  0.00078 -5.93432
   0.00065  0.00037-80.55972
   0.00065 -0.00037-41.12365
   0.00286 -0.00078  0.57767
   0.00756 -0.00124  0.81302
   0.01798 -0.00187  0.97878
   0.03087 -0.00240  0.89531
   0.04388 -0.00280  0.80724
   0.05689 -0.00313  0.73982
   0.06990 -0.00340  0.68471
   0.08292 -0.00364  0.63896
   0.09593 -0.00384  0.60088
   0.10895 -0.00402  0.56771
   0.12197 -0.00418  0.53768
   0.13498 -0.00432  0.51549
   0.14800 -0.00444  0.48854
   0.16102 -0.00454  0.47181
   0.17404 -0.00463  0.45212
   0.18705 -0.00471  0.43422
   0.20007 -0.00478  0.41937
   0.21309 -0.00484  0.40591
   0.22611 -0.00489  0.39236
   0.23913 -0.00493  0.37847
   0.25214 -0.00496  0.36814
   0.26516 -0.00498  0.35769
   0.27818 -0.00499  0.34851
   0.29120 -0.00500  0.33131
   0.30422 -0.00500  0.33239
   0.31724 -0.00500  0.31876
   0.33025 -0.00498  0.30792
   0.34327 -0.00497  0.30435
   0.35629 -0.00495  0.29173
   0.36931 -0.00492  0.29044
   0.38233 -0.00489  0.27689
   0.39535 -0.00485  0.27594
   0.40837 -0.00481  0.26466
   0.42138 -0.00476  0.26526
   0.43440 -0.00471  0.25430
   0.44742 -0.00466  0.24542
   0.46044 -0.00460  0.24780
   0.47346 -0.00454  0.23161
   0.48648 -0.00448  0.23493
   0.49950 -0.00441  0.22545
   0.51251 -0.00434  0.23240
   0.52553 -0.00427  0.21671
   0.53855 -0.00420  0.20612
   0.55157 -0.00412  0.20967
   0.56459 -0.00404  0.19290
   0.57761 -0.00395  0.19428
   0.59062 -0.00387  0.19160
   0.60364 -0.00378  0.19196
   0.61666 -0.00369  0.19146
   0.62968 -0.00359  0.17982
   0.64270 -0.00350  0.18862
   0.65572 -0.00340  0.16891
   0.66873 -0.00330  0.17376
   0.68175 -0.00320  0.17312
   0.69477 -0.00310  0.13499
   0.70779 -0.00299  0.17019
   0.72081 -0.00288  0.13960
   0.73383 -0.00277  0.15766
   0.74684 -0.00266  0.12226
   0.75986 -0.00255  0.14429
   0.77288 -0.00243  0.12836
   0.78590 -0.00231  0.12551
   0.79892 -0.00220  0.12599
   0.81193 -0.00207  0.10113
   0.82495 -0.00195  0.13855
   0.83797 -0.00183  0.10094
   0.85099 -0.00170  0.10288
   0.86401 -0.00157  0.10893
   0.87702 -0.00144  0.09779
   0.89004 -0.00131  0.07426
   0.90306 -0.00117  0.09398
   0.91608 -0.00104  0.11645
   0.92910 -0.00090  0.06571
   0.94211 -0.00076  0.06404
   0.95513 -0.00062  0.03480
   0.96815 -0.00047  0.05207
   0.98116 -0.00032  0.05233
   0.99375 -0.00018  0.04864
   1.00000 -0.00011  0.12908
