NACA 0001                                       
 Alfa =   1.00000 Re =        0.000 Xflap,Yflap =     0.000000    0.000000
#    x        y        Cp  
   1.00000  0.00011  0.11764
   0.99375  0.00018 -0.01292
   0.98116  0.00032  0.01325
   0.96815  0.00047  0.00558
   0.95513  0.00062 -0.01353
   0.94211  0.00076 -0.00370
   0.92910  0.00090 -0.01207
   0.91608  0.00104 -0.00368
   0.90306  0.00117 -0.01133
   0.89004  0.00131 -0.01619
   0.87702  0.00144 -0.01996
   0.86401  0.00157 -0.00761
   0.85099  0.00170 -0.01708
   0.83797  0.00183 -0.02204
   0.82495  0.00195 -0.01375
   0.81193  0.00207 -0.02327
   0.79892  0.00220 -0.02260
   0.78590  0.00231 -0.02551
   0.77288  0.00243 -0.02561
   0.75986  0.00255 -0.02286
   0.74684  0.00266 -0.03455
   0.73383  0.00277 -0.02717
   0.72081  0.00288 -0.03241
   0.70779  0.00299 -0.02949
   0.69477  0.00310 -0.03500
   0.68175  0.00320 -0.03291
   0.66873  0.00330 -0.03641
   0.65572  0.00340 -0.03540
   0.64270  0.00350 -0.03526
   0.62968  0.00359 -0.03932
   0.61666  0.00369 -0.04036
   0.60364  0.00378 -0.04186
   0.59062  0.00387 -0.04105
   0.57761  0.00395 -0.04456
   0.56459  0.00404 -0.04679
   0.55157  0.00412 -0.05097
   0.53855  0.00420 -0.04819
   0.52553  0.00427 -0.04965
   0.51251  0.00434 -0.04999
   0.49950  0.00441 -0.05359
   0.48648  0.00448 -0.05563
   0.47346  0.00454 -0.05382
   0.46044  0.00460 -0.05762
   0.44742  0.00466 -0.06013
   0.43440  0.00471 -0.05983
   0.42138  0.00476 -0.06261
   0.40837  0.00481 -0.06510
   0.39535  0.00485 -0.06590
   0.38233  0.00489 -0.06687
   0.36931  0.00492 -0.07175
   0.35629  0.00495 -0.06997
   0.34327  0.00497 -0.07576
   0.33026  0.00498 -0.07507
   0.31724  0.00500 -0.07782
   0.30422  0.00500 -0.08068
   0.29120  0.00500 -0.08468
   0.27818  0.00499 -0.08171
   0.26516  0.00498 -0.08901
   0.25214  0.00496 -0.08997
   0.23913  0.00493 -0.09318
   0.22611  0.00489 -0.09564
   0.21309  0.00484 -0.10004
   0.20007  0.00478 -0.10159
   0.18705  0.00471 -0.10728
   0.17404  0.00463 -0.10933
   0.16102  0.00454 -0.11560
   0.14800  0.00444 -0.11919
   0.13498  0.00432 -0.12699
   0.12197  0.00418 -0.13109
   0.10895  0.00402 -0.13940
   0.09593  0.00384 -0.14760
   0.08292  0.00364 -0.15794
   0.06990  0.00340 -0.17108
   0.05689  0.00313 -0.18807
   0.04388  0.00280 -0.21199
   0.03087  0.00240 -0.25211
   0.01798  0.00187 -0.31651
   0.00756  0.00124 -0.52923
   0.00286  0.00078 -0.52234
   0.00065  0.00037 -4.71993
   0.00065 -0.00037  0.97109
   0.00286 -0.00078  0.41636
   0.00756 -0.00124  0.32668
   0.01798 -0.00187  0.19286
   0.03087 -0.00240  0.15055
   0.04388 -0.00280  0.12190
   0.05689 -0.00313  0.10410
   0.06990 -0.00340  0.09037
   0.08292 -0.00364  0.08055
   0.09593 -0.00384  0.07228
   0.10895 -0.00402  0.06561
   0.12197 -0.00418  0.06021
   0.13498 -0.00432  0.05599
   0.14800 -0.00444  0.05061
   0.16102 -0.00454  0.04911
   0.17404 -0.00463  0.04543
   0.18705 -0.00471  0.04146
   0.20007 -0.00478  0.04101
   0.21309 -0.00484  0.03734
   0.22611 -0.00489  0.03513
   0.23913 -0.00493  0.03385
   0.25214 -0.00496  0.03355
   0.26516 -0.00498  0.03045
   0.27818 -0.00499  0.03093
   0.29120 -0.00500  0.02735
   0.30422 -0.00500  0.02725
   0.31724 -0.00500  0.02721
   0.33025 -0.00498  0.02236
   0.34327 -0.00497  0.02760
   0.35629 -0.00495  0.02086
   0.36931 -0.00492  0.02317
   0.38233 -0.00489  0.02181
   0.39535 -0.00485  0.02199
   0.40837 -0.00481  0.02013
   0.42138 -0.00476  0.02093
   0.43440 -0.00471  0.01963
   0.44742 -0.00466  0.01848
   0.46044 -0.00460  0.02061
   0.47346 -0.00454  0.01770
   0.48648 -0.00448  0.01813
   0.49950 -0.00441  0.01852
   0.51251 -0.00434  0.01696
   0.52553 -0.00427  0.01945
   0.53855 -0.00420  0.01217
   0.55157 -0.00412  0.01470
   0.56459 -0.00404  0.01356
   0.57761 -0.00395  0.01647
   0.59062 -0.00387  0.01645
   0.60364 -0.00378  0.01548
   0.61666 -0.00369  0.01640
   0.62968 -0.00359  0.01277
   0.64270 -0.00350  0.01747
   0.65572 -0.00340  0.01297
   0.66873 -0.00330  0.01426
   0.68175 -0.00320  0.01560
   0.69477 -0.00310  0.00835
   0.70779 -0.00299  0.01790
   0.72081 -0.00288  0.00982
   0.73383 -0.00277  0.01419
   0.74684 -0.00266  0.00610
   0.75986 -0.00255  0.01731
   0.77288 -0.00243  0.00988
   0.78590 -0.00231  0.01221
   0.79892 -0.00220  0.01187
   0.81193 -0.00207  0.01065
   0.82495 -0.00195  0.01467
   0.83797 -0.00183  0.01026
   0.85099 -0.00170  0.01213
   0.86401 -0.00157  0.01734
   0.87702 -0.00144  0.00751
   0.89004 -0.00131  0.00871
   0.90306 -0.00117  0.00938
   0.91608 -0.00104  0.01848
   0.92910 -0.00090  0.00384
   0.94211 -0.00076  0.01381
   0.95513 -0.00062  0.00065
   0.96815 -0.00047  0.02027
   0.98116 -0.00032  0.01897
   0.99375 -0.00018 -0.00813
   1.00000 -0.00011  0.11764
