NACA 0001                                       
 Alfa =   8.00000 Re =        0.000 Xflap,Yflap =     0.000000    0.000000
#    x        y        Cp  
   1.00000  0.00011  0.13284
   0.99375  0.00018  0.02390
   0.98116  0.00032  0.01168
   0.96815  0.00047 -0.05891
   0.95513  0.00062 -0.07086
   0.94211  0.00076 -0.06358
   0.92910  0.00090 -0.05710
   0.91608  0.00104 -0.03608
   0.90306  0.00117 -0.06264
   0.89004  0.00131 -0.10207
   0.87702  0.00144 -0.10280
   0.86401  0.00157 -0.07379
   0.85099  0.00170 -0.11146
   0.83797  0.00183 -0.13461
   0.82495  0.00195 -0.08552
   0.81193  0.00207 -0.13742
   0.79892  0.00220 -0.12928
   0.78590  0.00231 -0.14786
   0.77288  0.00243 -0.14686
   0.75986  0.00255 -0.14153
   0.74684  0.00266 -0.17759
   0.73383  0.00277 -0.15291
   0.72081  0.00288 -0.16787
   0.70779  0.00299 -0.17486
   0.69477  0.00310 -0.19731
   0.68175  0.00320 -0.18069
   0.66873  0.00330 -0.19370
   0.65572  0.00340 -0.18953
   0.64270  0.00350 -0.19474
   0.62968  0.00359 -0.21509
   0.61666  0.00369 -0.21734
   0.60364  0.00378 -0.23755
   0.59062  0.00387 -0.23400
   0.57761  0.00395 -0.25087
   0.56459  0.00404 -0.26072
   0.55157  0.00412 -0.26657
   0.53855  0.00420 -0.26847
   0.52553  0.00427 -0.27567
   0.51251  0.00434 -0.28656
   0.49950  0.00441 -0.28827
   0.48648  0.00448 -0.31814
   0.47346  0.00454 -0.29702
   0.46044  0.00460 -0.33346
   0.44742  0.00466 -0.33593
   0.43440  0.00471 -0.34855
   0.42138  0.00476 -0.34175
   0.40837  0.00481 -0.37772
   0.39535  0.00485 -0.37660
   0.38233  0.00489 -0.38283
   0.36931  0.00492 -0.41090
   0.35629  0.00495 -0.41035
   0.34327  0.00497 -0.43391
   0.33026  0.00498 -0.44142
   0.31724  0.00500 -0.45894
   0.30422  0.00500 -0.47569
   0.29120  0.00500 -0.50073
   0.27818  0.00499 -0.50045
   0.26516  0.00498 -0.53351
   0.25214  0.00496 -0.54965
   0.23913  0.00493 -0.57780
   0.22611  0.00489 -0.59253
   0.21309  0.00484 -0.62603
   0.20007  0.00478 -0.65357
   0.18705  0.00471 -0.68641
   0.17404  0.00463 -0.71514
   0.16102  0.00454 -0.76218
   0.14800  0.00444 -0.80370
   0.13498  0.00432 -0.85788
   0.12197  0.00418 -0.91371
   0.10895  0.00402 -0.98589
   0.09593  0.00384 -1.07092
   0.08292  0.00364 -1.17535
   0.06990  0.00340 -1.31247
   0.05689  0.00313 -1.49864
   0.04388  0.00280 -1.76587
   0.03087  0.00240 -2.23153
   0.01798  0.00187 -3.02552
   0.00756  0.00124 -6.17379
   0.00286  0.00078 -7.20342
   0.00065  0.00037*********
   0.00065 -0.00037-56.68973
   0.00286 -0.00078  0.21636
   0.00756 -0.00124  0.58893
   0.01798 -0.00187  0.99961
   0.03087 -0.00240  0.95011
   0.04388 -0.00280  0.87368
   0.05689 -0.00313  0.80933
   0.06990 -0.00340  0.75456
   0.08292 -0.00364  0.70792
   0.09593 -0.00384  0.66852
   0.10895 -0.00402  0.63377
   0.12197 -0.00418  0.60199
   0.13498 -0.00432  0.57838
   0.14800 -0.00444  0.54959
   0.16102 -0.00454  0.53143
   0.17404 -0.00463  0.51020
   0.18705 -0.00471  0.49091
   0.20007 -0.00478  0.47453
   0.21309 -0.00484  0.46004
   0.22611 -0.00489  0.44523
   0.23913 -0.00493  0.42991
   0.25214 -0.00496  0.41840
   0.26516 -0.00498  0.40711
   0.27818 -0.00499  0.39675
   0.29120 -0.00500  0.37790
   0.30422 -0.00500  0.37914
   0.31724 -0.00500  0.36379
   0.33025 -0.00498  0.35223
   0.34327 -0.00497  0.34749
   0.35629 -0.00495  0.33416
   0.36931 -0.00492  0.33238
   0.38233 -0.00489  0.31723
   0.39535 -0.00485  0.31613
   0.40837 -0.00481  0.30360
   0.42138 -0.00476  0.30417
   0.43440 -0.00471  0.29191
   0.44742 -0.00466  0.28198
   0.46044 -0.00460  0.28438
   0.47346 -0.00454  0.26637
   0.48648 -0.00448  0.27009
   0.49950 -0.00441  0.25923
   0.51251 -0.00434  0.26737
   0.52553 -0.00427  0.24913
   0.53855 -0.00420  0.23810
   0.55157 -0.00412  0.24179
   0.56459 -0.00404  0.22278
   0.57761 -0.00395  0.22393
   0.59062 -0.00387  0.22086
   0.60364 -0.00378  0.22142
   0.61666 -0.00369  0.22071
   0.62968 -0.00359  0.20792
   0.64270 -0.00350  0.21730
   0.65572 -0.00340  0.19539
   0.66873 -0.00330  0.20075
   0.68175 -0.00320  0.19982
   0.69477 -0.00310  0.15711
   0.70779 -0.00299  0.19611
   0.72081 -0.00288  0.16219
   0.73383 -0.00277  0.18229
   0.74684 -0.00266  0.14280
   0.75986 -0.00255  0.16644
   0.77288 -0.00243  0.14925
   0.78590 -0.00231  0.14560
   0.79892 -0.00220  0.14621
   0.81193 -0.00207  0.11772
   0.82495 -0.00195  0.16023
   0.83797 -0.00183  0.11756
   0.85099 -0.00170  0.11950
   0.86401 -0.00157  0.12567
   0.87702 -0.00144  0.11435
   0.89004 -0.00131  0.08695
   0.90306 -0.00117  0.10965
   0.91608 -0.00104  0.13417
   0.92910 -0.00090  0.07783
   0.94211 -0.00076  0.07428
   0.95513 -0.00062  0.04250
   0.96815 -0.00047  0.05934
   0.98116 -0.00032  0.05986
   0.99375 -0.00018  0.05998
   1.00000 -0.00011  0.13284
