NACA 0001                                       
 Alfa =   4.00000 Re =        0.000 Xflap,Yflap =     0.000000    0.000000
#    x        y        Cp  
   1.00000  0.00011  0.12096
   0.99375  0.00018 -0.00071
   0.98116  0.00032  0.00896
   0.96815  0.00047 -0.02556
   0.95513  0.00062 -0.04171
   0.94211  0.00076 -0.03293
   0.92910  0.00090 -0.03503
   0.91608  0.00104 -0.02123
   0.90306  0.00117 -0.03695
   0.89004  0.00131 -0.05644
   0.87702  0.00144 -0.05894
   0.86401  0.00157 -0.03952
   0.85099  0.00170 -0.06090
   0.83797  0.00183 -0.07349
   0.82495  0.00195 -0.04804
   0.81193  0.00207 -0.07539
   0.79892  0.00220 -0.07159
   0.78590  0.00231 -0.08106
   0.77288  0.00243 -0.08070
   0.75986  0.00255 -0.07686
   0.74684  0.00266 -0.09875
   0.73383  0.00277 -0.08414
   0.72081  0.00288 -0.09344
   0.70779  0.00299 -0.09463
   0.69477  0.00310 -0.10717
   0.68175  0.00320 -0.09907
   0.66873  0.00330 -0.10651
   0.65572  0.00340 -0.10419
   0.64270  0.00350 -0.10626
   0.62968  0.00359 -0.11706
   0.61666  0.00369 -0.11861
   0.60364  0.00378 -0.12780
   0.59062  0.00387 -0.12586
   0.57761  0.00395 -0.13486
   0.56459  0.00404 -0.14022
   0.55157  0.00412 -0.14511
   0.53855  0.00420 -0.14422
   0.52553  0.00427 -0.14803
   0.51251  0.00434 -0.15266
   0.49950  0.00441 -0.15552
   0.48648  0.00448 -0.16886
   0.47346  0.00454 -0.15921
   0.46044  0.00460 -0.17625
   0.44742  0.00466 -0.17876
   0.43440  0.00471 -0.18366
   0.42138  0.00476 -0.18260
   0.40837  0.00481 -0.19856
   0.39535  0.00485 -0.19860
   0.38233  0.00489 -0.20169
   0.36931  0.00492 -0.21587
   0.35629  0.00495 -0.21456
   0.34327  0.00497 -0.22748
   0.33026  0.00498 -0.23003
   0.31724  0.00500 -0.23867
   0.30422  0.00500 -0.24703
   0.29120  0.00500 -0.25937
   0.27818  0.00499 -0.25743
   0.26516  0.00498 -0.27491
   0.25214  0.00496 -0.28182
   0.23913  0.00493 -0.29479
   0.22611  0.00489 -0.30204
   0.21309  0.00484 -0.31778
   0.20007  0.00478 -0.32938
   0.18705  0.00471 -0.34558
   0.17404  0.00463 -0.35788
   0.16102  0.00454 -0.37978
   0.14800  0.00444 -0.39780
   0.13498  0.00432 -0.42323
   0.12197  0.00418 -0.44680
   0.10895  0.00402 -0.47904
   0.09593  0.00384 -0.51579
   0.08292  0.00364 -0.56080
   0.06990  0.00340 -0.61916
   0.05689  0.00313 -0.69708
   0.04388  0.00280 -0.80727
   0.03087  0.00240 -0.99508
   0.01798  0.00187 -1.30546
   0.00756  0.00124 -2.45232
   0.00286  0.00078 -2.74896
   0.00065  0.00037-31.70899
   0.00065 -0.00037 -9.01377
   0.00286 -0.00078  0.99674
   0.00756 -0.00124  0.96223
   0.01798 -0.00187  0.72673
   0.03087 -0.00240  0.61130
   0.04388 -0.00280  0.52528
   0.05689 -0.00313  0.46813
   0.06990 -0.00340  0.42443
   0.08292 -0.00364  0.39013
   0.09593 -0.00384  0.36230
   0.10895 -0.00402  0.33874
   0.12197 -0.00418  0.31803
   0.13498 -0.00432  0.30281
   0.14800 -0.00444  0.28441
   0.16102 -0.00454  0.27389
   0.17404 -0.00463  0.26077
   0.18705 -0.00471  0.24865
   0.20007 -0.00478  0.23991
   0.21309 -0.00484  0.23058
   0.22611 -0.00489  0.22189
   0.23913 -0.00493  0.21347
   0.25214 -0.00496  0.20753
   0.26516 -0.00498  0.20027
   0.27818 -0.00499  0.19537
   0.29120 -0.00500  0.18419
   0.30422 -0.00500  0.18474
   0.31724 -0.00500  0.17720
   0.33025 -0.00498  0.16901
   0.34327 -0.00497  0.16948
   0.35629 -0.00495  0.15947
   0.36931 -0.00492  0.15983
   0.38233 -0.00489  0.15183
   0.39535 -0.00485  0.15140
   0.40837 -0.00481  0.14443
   0.42138 -0.00476  0.14513
   0.43440 -0.00471  0.13862
   0.44742 -0.00466  0.13330
   0.46044 -0.00460  0.13558
   0.47346 -0.00454  0.12553
   0.48648 -0.00448  0.12752
   0.49950 -0.00441  0.12264
   0.51251 -0.00434  0.12561
   0.52553 -0.00427  0.11843
   0.53855 -0.00420  0.10935
   0.55157 -0.00412  0.11244
   0.56459 -0.00404  0.10302
   0.57761 -0.00395  0.10514
   0.59062 -0.00387  0.10371
   0.60364 -0.00378  0.10344
   0.61666 -0.00369  0.10361
   0.62968 -0.00359  0.09575
   0.64270 -0.00350  0.10263
   0.65572 -0.00340  0.09013
   0.66873 -0.00330  0.09328
   0.68175 -0.00320  0.09359
   0.69477 -0.00310  0.07020
   0.70779 -0.00299  0.09316
   0.72081 -0.00288  0.07331
   0.73383 -0.00277  0.08483
   0.74684 -0.00266  0.06251
   0.75986 -0.00255  0.07938
   0.77288 -0.00243  0.06751
   0.78590 -0.00231  0.06717
   0.79892 -0.00220  0.06725
   0.81193 -0.00207  0.05384
   0.82495 -0.00195  0.07512
   0.83797 -0.00183  0.05355
   0.85099 -0.00170  0.05546
   0.86401 -0.00157  0.06112
   0.87702 -0.00144  0.05059
   0.89004 -0.00131  0.03913
   0.90306 -0.00117  0.04955
   0.91608 -0.00104  0.06555
   0.92910 -0.00090  0.03237
   0.94211 -0.00076  0.03645
   0.95513 -0.00062  0.01511
   0.96815 -0.00047  0.03359
   0.98116 -0.00032  0.03308
   0.99375 -0.00018  0.01777
   1.00000 -0.00011  0.12096
