NACA 0001                                       
 Alfa =   5.00000 Re =        0.000 Xflap,Yflap =     0.000000    0.000000
#    x        y        Cp  
   1.00000  0.00011  0.12314
   0.99375  0.00018  0.00457
   0.98116  0.00032  0.00873
   0.96815  0.00047 -0.03480
   0.95513  0.00062 -0.04992
   0.94211  0.00076 -0.04150
   0.92910  0.00090 -0.04148
   0.91608  0.00104 -0.02587
   0.90306  0.00117 -0.04430
   0.89004  0.00131 -0.06874
   0.87702  0.00144 -0.07081
   0.86401  0.00157 -0.04899
   0.85099  0.00170 -0.07442
   0.83797  0.00183 -0.08962
   0.82495  0.00195 -0.05832
   0.81193  0.00207 -0.09174
   0.79892  0.00220 -0.08687
   0.78590  0.00231 -0.09858
   0.77288  0.00243 -0.09806
   0.75986  0.00255 -0.09386
   0.74684  0.00266 -0.11923
   0.73383  0.00277 -0.10214
   0.72081  0.00288 -0.11284
   0.70779  0.00299 -0.11544
   0.69477  0.00310 -0.13041
   0.68175  0.00320 -0.12023
   0.66873  0.00330 -0.12904
   0.65572  0.00340 -0.12626
   0.64270  0.00350 -0.12910
   0.62968  0.00359 -0.14224
   0.61666  0.00369 -0.14395
   0.60364  0.00378 -0.15582
   0.59062  0.00387 -0.15350
   0.57761  0.00395 -0.16441
   0.56459  0.00404 -0.17086
   0.55157  0.00412 -0.17598
   0.53855  0.00420 -0.17576
   0.52553  0.00427 -0.18040
   0.51251  0.00434 -0.18654
   0.49950  0.00441 -0.18913
   0.48648  0.00448 -0.20645
   0.47346  0.00454 -0.19404
   0.46044  0.00460 -0.21575
   0.44742  0.00466 -0.21825
   0.43440  0.00471 -0.22500
   0.42138  0.00476 -0.22258
   0.40837  0.00481 -0.24333
   0.39535  0.00485 -0.24310
   0.38233  0.00489 -0.24694
   0.36931  0.00492 -0.26444
   0.35629  0.00495 -0.26331
   0.34327  0.00497 -0.27877
   0.33026  0.00498 -0.28249
   0.31724  0.00500 -0.29324
   0.30422  0.00500 -0.30360
   0.29120  0.00500 -0.31895
   0.27818  0.00499 -0.31739
   0.26516  0.00498 -0.33856
   0.25214  0.00496 -0.34765
   0.23913  0.00493 -0.36419
   0.22611  0.00489 -0.37320
   0.21309  0.00484 -0.39310
   0.20007  0.00478 -0.40842
   0.18705  0.00471 -0.42851
   0.17404  0.00463 -0.44463
   0.16102  0.00454 -0.47238
   0.14800  0.00444 -0.49583
   0.13498  0.00432 -0.52790
   0.12197  0.00418 -0.55887
   0.10895  0.00402 -0.60026
   0.09593  0.00384 -0.64801
   0.08292  0.00364 -0.70650
   0.06990  0.00340 -0.78261
   0.05689  0.00313 -0.88476
   0.04388  0.00280 -1.02979
   0.03087  0.00240 -1.27855
   0.01798  0.00187 -1.69341
   0.00756  0.00124 -3.26066
   0.00286  0.00078 -3.70573
   0.00065  0.00037-45.58504
   0.00065 -0.00037-17.27113
   0.00286 -0.00078  0.96810
   0.00756 -0.00124  0.99979
   0.01798 -0.00187  0.84226
   0.03087 -0.00240  0.72580
   0.04388 -0.00280  0.63294
   0.05689 -0.00313  0.56912
   0.06990 -0.00340  0.51955
   0.08292 -0.00364  0.47997
   0.09593 -0.00384  0.44768
   0.10895 -0.00402  0.42011
   0.12197 -0.00418  0.39561
   0.13498 -0.00432  0.37762
   0.14800 -0.00444  0.35587
   0.16102 -0.00454  0.34297
   0.17404 -0.00463  0.32733
   0.18705 -0.00471  0.31301
   0.20007 -0.00478  0.30199
   0.21309 -0.00484  0.29112
   0.22611 -0.00489  0.28062
   0.23913 -0.00493  0.27019
   0.25214 -0.00496  0.26264
   0.26516 -0.00498  0.25421
   0.27818 -0.00499  0.24776
   0.29120 -0.00500  0.23439
   0.30422 -0.00500  0.23514
   0.31724 -0.00500  0.22540
   0.33025 -0.00498  0.21625
   0.34327 -0.00497  0.21529
   0.35629 -0.00495  0.20433
   0.36931 -0.00492  0.20411
   0.38233 -0.00489  0.19414
   0.39535 -0.00485  0.19353
   0.40837 -0.00481  0.18502
   0.42138 -0.00476  0.18569
   0.43440 -0.00471  0.17761
   0.44742 -0.00466  0.17103
   0.46044 -0.00460  0.17335
   0.47346 -0.00454  0.16115
   0.48648 -0.00448  0.16360
   0.49950 -0.00441  0.15711
   0.51251 -0.00434  0.16147
   0.52553 -0.00427  0.15132
   0.53855 -0.00420  0.14170
   0.55157 -0.00412  0.14496
   0.56459 -0.00404  0.13298
   0.57761 -0.00395  0.13485
   0.59062 -0.00387  0.13299
   0.60364 -0.00378  0.13293
   0.61666 -0.00369  0.13287
   0.62968 -0.00359  0.12370
   0.64270 -0.00350  0.13125
   0.65572 -0.00340  0.11625
   0.66873 -0.00330  0.11999
   0.68175 -0.00320  0.11997
   0.69477 -0.00310  0.09150
   0.70779 -0.00299  0.11868
   0.72081 -0.00288  0.09513
   0.73383 -0.00277  0.10890
   0.74684 -0.00266  0.08209
   0.75986 -0.00255  0.10073
   0.77288 -0.00243  0.08747
   0.78590 -0.00231  0.08627
   0.79892 -0.00220  0.08649
   0.81193 -0.00207  0.06917
   0.82495 -0.00195  0.09596
   0.83797 -0.00183  0.06892
   0.85099 -0.00170  0.07084
   0.86401 -0.00157  0.07663
   0.87702 -0.00144  0.06589
   0.89004 -0.00131  0.05034
   0.90306 -0.00117  0.06391
   0.91608 -0.00104  0.08212
   0.92910 -0.00090  0.04297
   0.94211 -0.00076  0.04511
   0.95513 -0.00062  0.02110
   0.96815 -0.00047  0.03918
   0.98116 -0.00032  0.03893
   0.99375 -0.00018  0.02753
   1.00000 -0.00011  0.12314
